date	state	newPosTests	newTotTests	newDeaths	currentHosp	currentOnVent
3/7/21  IL	1068	68094	12	1141	112
3/6/21	IL	2565	79248	56	1210	108
3/5/21	IL	1442	103336	44	1166	121
3/4/21	IL	1740	73990	49	1200	128
3/3/21	IL	2104	80854	50	1260	138
3/2/21	IL	1577	56181	44	1231	148
3/1/21	IL	1143	42234	24	1288	148
2/28/21 IL	1249	66500	25	1265	150
2/27/21	IL	1780	81668	35	1353	160
2/26/21	IL	2441	92256	68	1393	174
2/25/21	IL	1884	91292	32	1463	168
2/24/21	IL	2022	82976	47	1511	172
2/23/21	IL	1665	61400	22	1488	172
2/22/21	IL	1246	37361	40	1504	169
2/21/21	IL	1585	75269	40	1468	170
2/20/21	IL	1922	73212	58	1551	171
2/19/21	IL	2219	85963	71	1596	190
2/18/21	IL	1966	67542	73	1655	184
2/17/21	IL	1795	49937	25	1719	176
2/16/21	IL	1348	46630	33	1726	179
2/15/21	IL	1420	52389	45	1789	184
2/14/21	IL	1631	64949	34	1777	189
2/13/21	IL	2092	84990	60	1892	202
2/12/21	IL	2598	103009	42	1910	211
2/11/21	IL	2838	96525	116	1954	227
2/10/21	IL	2825	82885	67	2082	232
2/9/21	IL	2082	55705	23	2117	240
2/8/21	IL	1747	47210	41	2161	251
2/7/21	IL	2060	81550	62	2188	245
2/6/21	IL	3062	90295	73	2271	246
2/5/21	IL	3660	105085	106	2318	254
2/4/21	IL	3328	101307	77	2341	265
2/3/21	IL	3314	96894	84	2469	270
2/2/21	IL	2304	60899	63	2447	265
2/1/21	IL	2312	61263	20	2387	278
1/31/21	IL	2428	86871	40	2467	289
1/30/21	IL	3345	107802	67	2600	284
1/29/21	IL	4156	111057	72	2735	297
1/28/21	IL	4191	100119	125	2802	292
1/27/21	IL	3751	80124	96	2931	300
1/26/21	IL	3667	69285	109	3001	320
1/25/21	IL	2944	74202	64	2962	302
1/24/21	IL	3292	90138	35	2994	321
1/23/21	IL	5152	110178	111	3121	338
1/22/21	IL	7042	125831	111	3179	348
1/21/21	IL	4979	99036	138	3281	358
1/20/21	IL	4822	86121	132	3284	379
1/19/21	IL	4318	71533	35	3335	395
1/18/21	IL	3385	63002	68	3345	392
1/17/21	IL	4162	96845	30	3408	387
1/16/21	IL	5343	102372	147	3406	379
1/15/21	IL	6642	107156	149	3446	386
1/14/21	IL	6652	118036	107	3511	382
1/13/21	IL	5862	76107	120	3642	386
1/12/21	IL	6642	93491	134	3553	409
1/11/21	IL	4776	66697	70	3540	401
1/10/21	IL	4711	77775	83	3527	391
1/9/21	IL	6717	102903	102	3589	393
1/8/21	IL	9277	118665	167	3777	422
1/7/21	IL	8757	105518	206	3921	450
1/6/21	IL	7569	80974	173	3928	451
1/5/21	IL	6839	87083	150	3905	457
1/4/21	IL	5059	48254	90	3948	471
1/3/21	IL	4469	45465	105	3817	462
1/2/21	IL	4762	61987	44	3799	458
1/1/21	IL	7201	97222	195	3992	464
12/31/20	IL	8009	99426	167	4093	496
12/30/20	IL	7374	74573	215	4244	496
12/29/20	IL	5644	66786	126	4313	506
12/28/20	IL	4453	51046	134	4243	515
12/27/20	IL	3767	46226	112	4083	497
12/26/20	IL	3293	57448	70	4021	494
12/25/20	IL	5742	98958	194	4352	538
12/24/20	IL	7037	94909	118	4488	518
12/23/20	IL	6762	82328	171	4593	536
12/22/20	IL	6239	84764	144	4571	557
12/21/20	IL	4699	86454	120	4460	546
12/20/20	IL	6003	78079	81	4389	546
12/19/20	IL	7562	96851	120	4624	562
12/18/20	IL	7377	112292	221	4690	589
12/17/20	IL	8828	92015	208	4804	575
12/16/20	IL	7123	93278	190	4793	590
12/15/20	IL	7359	92922	132	4965	598
12/14/20	IL	7214	92256	116	4951	621
12/13/20	IL	7216	63648	107	5073	612
12/12/20	IL	8737	126888	165	5048	627
12/11/20	IL	9420	104448	222	5141	635
12/10/20	IL	11101	114503	232	5138	606
12/9/20	IL	8256	92737	229	5284	647
12/8/20	IL	7910	95825	168	5199	626
12/7/20	IL	8691	77569	100	5190	648
12/6/20	IL	7598	79538	99	5160	643
12/5/20	IL	9887	102678	235	5331	694
12/4/20	IL	10526	112634	157	5453	703
12/3/20	IL	10959	106778	228	5653	693
12/2/20	IL	9757	85507	266	5764	714
12/1/20	IL	12542	116081	146	5835	721
11/30/20	IL	6190	66980	103	5849	715
11/29/20	IL	7178	62740	44	5858	723
11/28/20	IL	7873	79055	152	5775	686
11/27/20	IL	7574	77130	90	5829	698
11/26/20	IL	12022	107556	156	6032	724
11/25/20	IL	11378	114233	178	6133	679
11/24/20	IL	9469	97323	150	6134	668
11/23/20	IL	8322	91562	61	6171	635
11/22/20	IL	10012	92437	99	6072	589
11/21/20	IL	11891	120284	157	6175	595
11/20/20	IL	13012	116024	147	6111	604
11/19/20	IL	14612	113447	180	6037	587
11/18/20	IL	8922	103569	151	5953	547
11/17/20	IL	12601	94205	113	5887	545
11/16/20	IL	11632	90612	42	5581	514
11/15/20	IL	10631	84831	74	5474	490
11/14/20	IL	11028	114370	197	5415	499
11/13/20	IL	15415	106540	45	5362	488
11/12/20	IL	12702	100617	48	5258	438
11/11/20	IL	12657	93464	153	5042	404
11/10/20	IL	12623	101955	82	4742	399
11/9/20	IL	10573	64760	25	4409	376
11/8/20	IL	10009	90757	50	4303	368
11/7/20	IL	12438	98418	91	4250	367
11/6/20	IL	11790	98401	84	4090	339
11/5/20	IL	9935	86015	97	3891	343
11/4/20	IL	7538	71857	55	3761	327
11/3/20	IL	6516	82435	68	3594	326
11/2/20	IL	6222	68118	18	3371	298
11/1/20	IL	6980	78458	25	3294	284
10/31/20	IL	7899	92636	56	3228	290
10/30/20	IL	8489	95111	49	3092	288
10/29/20	IL	6363	83056	56	3030	269
10/28/20	IL	6110	70752	51	2861	243
10/27/20	IL	4000	62074	46	2758	241
10/26/20	IL	4729	57264	17	2638	238
10/25/20	IL	4062	72097	24	2605	214
10/24/20	IL	6161	83517	63	2616	222
10/23/20	IL	5000	82256	41	2498	197
10/22/20	IL	4942	80977	42	2463	212
10/21/20	IL	4342	66791	68	2338	194
10/20/20	IL	3714	59077	41	2261	195
10/19/20	IL	3113	48684	22	2096	179
10/18/20	IL	4245	79296	22	2012	157
10/17/20	IL	3629	77489	27	2073	165
10/16/20	IL	5103	87759	52	2016	151
10/15/20	IL	4015	67086	53	1932	147
10/14/20	IL	2862	52669	48	1974	153
10/13/20	IL	2851	55993	29	1848	160
10/12/20	IL	2742	47579	13	1764	153
10/11/20	IL	2727	64047	9	1776	159
10/10/20	IL	2905	66256	30	1807	166
10/9/20	IL	3117	71599	32	1812	153
10/8/20	IL	3059	72491	32	1755	163
10/7/20	IL	2630	58820	42	1679	165
10/6/20	IL	1617	49513	31	1673	159
10/5/20	IL	1853	38538	14	1631	155
10/4/20	IL	1453	51656	17	1521	140
10/3/20	IL	2442	71634	31	1535	140
10/2/20	IL	2456	72691	52	1678	162
10/1/20	IL	2166	65615	24	1635	149
9/30/20	IL	2273	58546	35	1632	152
9/29/20	IL	1362	45624	23	1535	151
9/28/20	IL	1709	41142	13	1491	135
9/27/20	IL	1604	50822	13	1486	144
9/26/20	IL	2441	65217	25	1597	141
9/25/20	IL	2805	69793	33	1637	124
9/24/20	IL	2257	62071	30	1713	155
9/23/20	IL	1848	46391	22	1563	144
9/22/20	IL	1531	41829	29	1455	153
9/21/20	IL	1477	38234	7	1436	153
9/20/20	IL	1402	48011	14	1417	151
9/19/20	IL	2529	74286	25	1469	141
9/18/20	IL	2223	61918	23	1481	149
9/17/20	IL	2056	57800	25	1558	144
9/16/20	IL	1941	52311	35	1565	143
9/15/20	IL	1466	39031	18	1584	144
9/14/20	IL	1373	35930	5	1431	131
9/13/20	IL	1462	46890	14	1422	136
9/12/20	IL	2121	56594	22	1509	170
9/11/20	IL	2312	56661	44	1619	155
9/10/20	IL	1953	48982	28	1609	141
9/9/20	IL	1337	48029	28	1580	133
9/8/20	IL	1392	31363	7	1504	133
9/7/20	IL	1381	28975	8	1484	137
9/6/20	IL	1403	46496	5	1504	134
9/5/20	IL	2806	61935	23	1550	151
9/4/20	IL	5594	149273	38	1621	155
9/3/20	IL	1360	40795	24	1620	144
9/2/20	IL	2128	32751	27	1596	142
9/1/20	IL	1492	22961	38	1513	146
8/31/20	IL	1668	47379	7	1492	157
8/30/20	IL	1992	43693	11	1472	155
8/29/20	IL	1880	48784	11	1563	134
8/28/20	IL	2434	48383	20	1546	132
8/27/20	IL	1707	44510	23	1631	151
8/26/20	IL	2157	50362	37	1573	132
8/25/20	IL	1680	40859	29	1549	135
8/24/20	IL	1612	36155	8	1529	141
8/23/20	IL	1893	54351	6	1449	117
8/22/20	IL	2356	56766	17	1488	127
8/21/20	IL	2293	51736	22	1526	121
8/20/20	IL	1832	51612	27	1519	124
8/19/20	IL	2295	50299	24	1519	144
8/18/20	IL	1740	34175	26	1510	128
8/17/20	IL	1773	38246	12	1544	126
8/16/20	IL	1562	37089	18	1581	116
8/15/20	IL	1828	44414	5	1538	127
8/14/20	IL	2296	49541	27	1612	126
8/13/20	IL	1834	46006	24	1628	127
8/12/20	IL	1645	42098	15	1525	129
8/11/20	IL	1549	41362	20	1459	127
8/10/20	IL	1319	32353	1	1481	138
8/9/20	IL	1382	41354	5	1488	114
8/8/20	IL	2190	48016	18	1538	125
8/7/20	IL	2103	46869	31	1486	125
8/6/20	IL	1953	41686	21	1517	132
8/5/20	IL	1759	46668	28	1552	129
8/4/20	IL	1471	42598	19	1496	125
8/3/20	IL	1298	28475	9	1418	132
8/2/20	IL	1467	38945	14	1407	126
8/1/20	IL	1639	39809	8	1347	148
7/31/20	IL	1980	49782	22	1369	148
7/30/20	IL	1772	41134	16	1452	149
7/29/20	IL	1393	38187	16	1491	152
7/28/20	IL	1076	28331	30	1383	128
7/27/20	IL	1231	30567	18	1417	124
7/26/20	IL	1541	40844	1	1394	119
7/25/20	IL	1426	38200	12	1438	110
7/24/20	IL	1599	44330	17	1471	115
7/23/20	IL	1624	39706	20	1473	135
7/22/20	IL	1598	39633	23	1456	132
7/21/20	IL	955	29745	23	1466	142
7/20/20	IL	1173	34598	6	1410	133
7/19/20	IL	965	32113	5	1356	132
7/18/20	IL	1276	46099	18	1360	119
7/17/20	IL	1427	43692	13	1431	128
7/16/20	IL	1257	43006	25	1434	127
7/15/20	IL	1187	38161	8	1454	130
7/14/20	IL	707	28446	25	1416	126
7/13/20	IL	883	30012	6	1362	136
7/12/20	IL	954	38894	19	1342	127
7/11/20	IL	1195	32345	24	1398	139
7/10/20	IL	1327	32987	16	1436	155
7/9/20	IL	1018	36180	20	1507	153
7/8/20	IL	980	32742	36	1385	153
7/7/20	IL	587	26994	37	1385	153
7/6/20	IL	614	21134	6	1395	151
7/5/20	IL	639	27235	6	1326	165
7/4/20	IL	862	33836	9	1346	182
7/3/20	IL	937	34318	27	1349	164
7/2/20	IL	869	30262	36	1651	195
7/1/20	IL	828	33090	28	1511	189
6/30/20	IL	724	31069	21	1560	185
6/29/20	IL	738	26918	14	1501	187
6/28/20	IL	646	23789	15	1464	193
6/27/20	IL	786	30237	26	1516	225
6/26/20	IL	910	30425	34	1516	225
6/25/20	IL	894	31686	40	1626	216
6/24/20	IL	715	29331	63	1614	219
6/23/20	IL	601	20507	36	1648	236
6/22/20	IL	462	18219	24	1628	250
6/21/20	IL	658	23816	22	1631	256
6/20/20	IL	634	25965	111	1696	274
6/19/20	IL	831	27171	0	1837	293
6/18/20	IL	593	25504	52	1878	321
6/17/20	IL	546	29987	87	1878	331
6/16/20	IL	623	18729	72	1939	331
6/15/20	IL	473	18627	18	1961	340
6/14/20	IL	672	22040	19	1914	328
6/13/20	IL	673	21844	29	2117	352
6/12/20	IL	732	24774	78	2209	375
6/11/20	IL	766	22325	90	2365	379
6/10/20	IL	625	20820	77	2458	394
6/9/20	IL	797	20309	94	2573	437
6/8/20	IL	1382	16099	198	2496	443
6/7/20	IL	867	20700	40	2550	438
6/6/20	IL	975	21155	69	2702	476
6/5/20	IL	1156	18903	59	2911	500
6/4/20	IL	929	22841	115	3044	516
6/3/20	IL	982	24471	96	3173	508
6/2/20	IL	1614	16431	113	3238	548
6/1/20	IL	974	20014	22	3215	547
5/31/20	IL	1343	21154	60	3296	550
5/30/20	IL	1462	25343	60	3336	661
5/29/20	IL	1622	21796	84	3599	593
5/28/20	IL	1527	25993	103	3649	576
5/27/20	IL	1111	17179	160	3826	592
5/26/20	IL	1178	17230	39	3788	590
5/25/20	IL	1713	21643	28	3762	605
5/24/20	IL	2508	25674	66	3667	632
5/23/20	IL	2352	25114	75	3753	607
5/22/20	IL	2758	25113	108	3928	589
5/21/20	IL	2268	29307	82	4107	609
5/20/20	IL	2388	21029	146	3914	554
5/19/20	IL	1545	18443	145	4002	576
5/18/20	IL	2294	21297	57	4120	636
5/17/20	IL	1734	20295	48	4190	735
5/16/20	IL	2088	23047	71	4306	653
5/15/20	IL	2432	26565	130	4367	675
5/14/20	IL	3239	22678	136	4473	689
5/13/20	IL	1677	17668	191	4563	714
5/12/20	IL	4014	29266	142	4626	730
5/11/20	IL	1266	12441	53	4319	730
5/10/20	IL	1656	13653	57	4293	709
5/9/20	IL	2325	16617	108	4739	739
5/8/20	IL	2887	20671	130	4750	727
5/7/20	IL	2641	17783	137	4862	766
5/6/20	IL	2270	14974	136	4832	780
5/5/20	IL	2122	13139	176	4780	780
5/4/20	IL	2341	13834	44	4493	763
5/3/20	IL	2994	19417	59	4701	759
5/2/20	IL	2450	15208	102	4717	789
5/1/20	IL	3137	14821	102	4900	777
4/30/20	IL	2563	13200	140	4953	785
4/29/20	IL	2253	14478	90	5036	777
4/28/20	IL	2219	14561	142	4738	778
4/27/20	IL	1980	12676	50	4672	763
4/26/20	IL	2126	13335	59	4595	772
4/25/20	IL	2119	11985	79	4699	763
4/24/20	IL	2724	16124	107	4828	709
4/23/20	IL	1826	9162	123	4877	766
4/22/20	IL	2049	9349	97	4665	747
4/21/20	IL	1551	6639	119	4776	781
4/20/20	IL	1151	5040	59	4599	757
4/19/20	IL	1197	5914	31	4314	749
4/18/20	IL	1585	7241	125	4340	740
4/17/20	IL	1842	7574	62	4454	777
4/16/20	IL	1140	5660	124	4423	797
4/15/20	IL	1346	6313	80	4283	796
4/14/20	IL	1222	4848	74	4283	796
4/13/20	IL	1173	5033	74	3680	821
4/12/20	IL	1672	7956	43	3680	821
4/11/20	IL	1293	5252	81	3680	821
4/10/20	IL	1465	6670	68	3680	821
4/9/20	IL	1344	5791	66	3680	821
4/8/20	IL	1529	6334	82	3680	821
4/7/20	IL	1287	5790	73	3680	821
4/6/20	IL	1006	3959	33	0	0
4/5/20	IL	899	5402	31	0	0
4/4/20	IL	1453	5533	33	0	0
4/3/20	IL	1209	4392	53	0	0
4/2/20	IL	715	3272	16	0	0
4/1/20	IL	986	5159	42	0	0
3/31/20	IL	937	4779	26	0	0
3/30/20	IL	461	2684	8	0	0
3/29/20	IL	1105	2333	18	0	0
3/28/20	IL	465	3887	13	0	0
3/27/20	IL	488	4911	8	0	0
3/26/20	IL	673	2422	7	0	0
3/25/20	IL	330	2724	3	0	0
3/24/20	IL	262	1617	4	0	0
3/23/20	IL	224	1494	3	0	0
3/22/20	IL	296	2127	3	0	0
3/21/20	IL	168	1961	1	0	0
3/20/20	IL	163	1135	1	0	0
3/19/20	IL	134	1099	3	0	0
3/18/20	IL	129	552	0	0	0
3/17/20	IL	66	357	1	0	0
3/16/20	IL	29	211	0	0	0
3/15/20	IL	18	224	0	0	0
3/14/20	IL	14	264	0	0	0
3/13/20	IL	7	26	0	0	0
3/12/20	IL	6	51	0	0	0
3/11/20	IL	0	41	0	0	0
3/10/20	IL	12	326	0	0	0
3/9/20	IL	1	0	0	0	0
3/8/20	IL	0	0	0	0	0
3/7/20	IL	1	0	0	0	0
3/6/20	IL	0	0	0	0	0
3/5/20	IL	1	0	0	0	0
3/4/20	IL	0	0	0	0	0